Box 0: (309,303), (432,303), (432,364), (309,364)
Box 1: (309,303), (432,303), (432,364), (309,364)
Box 2: (309,303), (432,303), (432,364), (309,364)
Box 3: (309,303), (432,303), (432,364), (309,364)
Box 4: (309,303), (432,303), (432,364), (309,364)
Box 5: (309,303), (432,303), (432,364), (309,364)
Box 6: (309,303), (432,303), (432,364), (309,364)
Box 7: (309,303), (432,303), (432,364), (309,364)
Box 8: (309,303), (432,303), (432,364), (309,364)
Box 9: (309,303), (432,303), (432,364), (309,364)
Box 10: (309,303), (432,303), (432,364), (309,364)
Box 11: (309,303), (432,303), (432,364), (309,364)
Box 12: (309,303), (432,303), (432,364), (309,364)
Box 13: (309,303), (432,303), (432,364), (309,364)
Box 14: (309,303), (432,303), (432,364), (309,364)
Box 15: (309,303), (432,303), (432,364), (309,364)
Box 16: (309,303), (432,303), (432,364), (309,364)
Box 17: (309,303), (432,303), (432,364), (309,364)
Box 18: (309,303), (432,303), (432,364), (309,364)
Box 19: (309,303), (432,303), (432,364), (309,364)
Box 20: (309,303), (432,303), (432,364), (309,364)
Box 21: (309,303), (432,303), (432,364), (309,364)
Box 22: (309,303), (432,303), (432,364), (309,364)
Box 23: (309,303), (432,303), (432,364), (309,364)
Box 24: (309,303), (432,303), (432,364), (309,364)
Box 25: (309,303), (432,303), (432,364), (309,364)
Box 26: (309,303), (432,303), (432,364), (309,364)
Box 27: (309,303), (432,303), (432,364), (309,364)
Box 28: (309,303), (432,303), (432,364), (309,364)
Box 29: (309,303), (432,303), (432,364), (309,364)
Box 30: (309,303), (432,303), (432,364), (309,364)
Box 31: (309,303), (432,303), (432,364), (309,364)
Box 32: (309,303), (432,303), (432,364), (309,364)
Box 33: (309,303), (432,303), (432,364), (309,364)
Box 34: (309,303), (432,303), (432,364), (309,364)
Box 35: (309,303), (432,303), (432,364), (309,364)
Box 36: (309,303), (432,303), (432,364), (309,364)
Box 37: (309,303), (432,303), (432,364), (309,364)
Box 38: (309,303), (432,303), (432,364), (309,364)
Box 39: (309,303), (432,303), (432,364), (309,364)
Box 40: (309,303), (432,303), (432,364), (309,364)
Box 41: (309,303), (432,303), (432,364), (309,364)
Box 42: (309,303), (432,303), (432,364), (309,364)
Box 43: (309,303), (432,303), (432,364), (309,364)
Box 44: (309,303), (432,303), (432,364), (309,364)
Box 45: (309,303), (432,303), (432,364), (309,364)
Box 46: (309,303), (432,303), (432,364), (309,364)
Box 47: (309,303), (432,303), (432,364), (309,364)
Box 48: (309,303), (432,303), (432,364), (309,364)
Box 49: (309,303), (432,303), (432,364), (309,364)
Box 50: (309,303), (432,303), (432,364), (309,364)
Box 51: (309,303), (432,303), (432,364), (309,364)
Box 52: (309,303), (432,303), (432,364), (309,364)
Box 53: (309,303), (432,303), (432,364), (309,364)
Box 54: (309,303), (432,303), (432,364), (309,364)
Box 55: (309,303), (432,303), (432,364), (309,364)
Box 56: (309,303), (432,303), (432,364), (309,364)
Box 57: (309,303), (432,303), (432,364), (309,364)
Box 58: (309,303), (432,303), (432,364), (309,364)
Box 59: (309,303), (432,303), (432,364), (309,364)
Box 60: (309,303), (432,303), (432,364), (309,364)
Box 61: (309,303), (432,303), (432,364), (309,364)
Box 62: (309,303), (432,303), (432,364), (309,364)
Box 63: (309,303), (432,303), (432,364), (309,364)
Box 64: (309,303), (432,303), (432,364), (309,364)
Box 65: (309,303), (432,303), (432,364), (309,364)
Box 66: (309,303), (432,303), (432,364), (309,364)
Box 67: (309,303), (432,303), (432,364), (309,364)
Box 68: (309,303), (432,303), (432,364), (309,364)
Box 69: (309,303), (432,303), (432,364), (309,364)
Box 70: (309,303), (432,303), (432,364), (309,364)
Box 71: (309,303), (432,303), (432,364), (309,364)
Box 72: (309,303), (432,303), (432,364), (309,364)
Box 73: (309,303), (432,303), (432,364), (309,364)
Box 74: (309,303), (432,303), (432,364), (309,364)
Box 75: (309,303), (432,303), (432,364), (309,364)
Box 76: (309,303), (432,303), (432,364), (309,364)
Box 77: (309,303), (432,303), (432,364), (309,364)
Box 78: (309,303), (432,303), (432,364), (309,364)
Box 79: (309,303), (432,303), (432,364), (309,364)
Box 80: (309,303), (432,303), (432,364), (309,364)
Box 81: (309,303), (432,303), (432,364), (309,364)
Box 82: (309,303), (432,303), (432,364), (309,364)
Box 83: (309,303), (432,303), (432,364), (309,364)
Box 84: (309,303), (432,303), (432,364), (309,364)
Box 85: (309,303), (432,303), (432,364), (309,364)
Box 86: (309,303), (432,303), (432,364), (309,364)
Box 87: (309,303), (432,303), (432,364), (309,364)
Box 88: (309,303), (432,303), (432,364), (309,364)
Box 89: (309,303), (432,303), (432,364), (309,364)
Box 90: (309,303), (432,303), (432,364), (309,364)
Box 91: (309,303), (432,303), (432,364), (309,364)
Box 92: (309,303), (432,303), (432,364), (309,364)
Box 93: (309,303), (432,303), (432,364), (309,364)
Box 94: (309,303), (432,303), (432,364), (309,364)
Box 95: (309,303), (432,303), (432,364), (309,364)
Box 96: (309,303), (432,303), (432,364), (309,364)
Box 97: (309,303), (432,303), (432,364), (309,364)
Box 98: (309,303), (432,303), (432,364), (309,364)
Box 99: (309,303), (432,303), (432,364), (309,364)
Box 100: (309,303), (432,303), (432,364), (309,364)
Box 101: (309,303), (432,303), (432,364), (309,364)
Box 102: (309,303), (432,303), (432,364), (309,364)
Box 103: (309,303), (432,303), (432,364), (309,364)
Box 104: (309,303), (432,303), (432,364), (309,364)
Box 105: (309,303), (432,303), (432,364), (309,364)
Box 106: (309,303), (432,303), (432,364), (309,364)
Box 107: (309,303), (432,303), (432,364), (309,364)
Box 108: (309,303), (432,303), (432,364), (309,364)
Box 109: (309,303), (432,303), (432,364), (309,364)
Box 110: (309,303), (432,303), (432,364), (309,364)
Box 111: (309,303), (432,303), (432,364), (309,364)
Box 112: (309,303), (432,303), (432,364), (309,364)
Box 113: (309,303), (432,303), (432,364), (309,364)
Box 114: (309,303), (432,303), (432,364), (309,364)
Box 115: (309,303), (432,303), (432,364), (309,364)
Box 116: (309,303), (432,303), (432,364), (309,364)
Box 117: (309,303), (432,303), (432,364), (309,364)
Box 118: (309,303), (432,303), (432,364), (309,364)
Box 119: (309,303), (432,303), (432,364), (309,364)
Box 120: (309,303), (432,303), (432,364), (309,364)
Box 121: (309,303), (432,303), (432,364), (309,364)
Box 122: (309,303), (432,303), (432,364), (309,364)
Box 123: (309,303), (432,303), (432,364), (309,364)
Box 124: (309,303), (432,303), (432,364), (309,364)
Box 125: (309,303), (432,303), (432,364), (309,364)
Box 126: (309,303), (432,303), (432,364), (309,364)
Box 127: (309,303), (432,303), (432,364), (309,364)
Box 128: (309,303), (432,303), (432,364), (309,364)
Box 129: (309,303), (432,303), (432,364), (309,364)
Box 130: (309,303), (432,303), (432,364), (309,364)
Box 131: (309,303), (432,303), (432,364), (309,364)
Box 132: (309,303), (432,303), (432,364), (309,364)
Box 133: (309,303), (432,303), (432,364), (309,364)
Box 134: (309,303), (432,303), (432,364), (309,364)
Box 135: (309,303), (432,303), (432,364), (309,364)
Box 136: (309,303), (432,303), (432,364), (309,364)
Box 137: (309,303), (432,303), (432,364), (309,364)
Box 138: (309,303), (432,303), (432,364), (309,364)
Box 139: (309,303), (432,303), (432,364), (309,364)
Box 140: (309,303), (432,303), (432,364), (309,364)
Box 141: (309,303), (432,303), (432,364), (309,364)
Box 142: (309,303), (432,303), (432,364), (309,364)
Box 143: (309,303), (432,303), (432,364), (309,364)
Box 144: (309,303), (432,303), (432,364), (309,364)
Box 145: (309,303), (432,303), (432,364), (309,364)
Box 146: (309,303), (432,303), (432,364), (309,364)
Box 147: (309,303), (432,303), (432,364), (309,364)
Box 148: (309,303), (432,303), (432,364), (309,364)
Box 149: (309,303), (432,303), (432,364), (309,364)
Box 150: (309,303), (432,303), (432,364), (309,364)
Box 151: (309,303), (432,303), (432,364), (309,364)
Box 152: (309,303), (432,303), (432,364), (309,364)
Box 153: (309,303), (432,303), (432,364), (309,364)
Box 154: (309,303), (432,303), (432,364), (309,364)
Box 155: (309,303), (432,303), (432,364), (309,364)
Box 156: (309,303), (432,303), (432,364), (309,364)
Box 157: (309,303), (432,303), (432,364), (309,364)
Box 158: (309,303), (432,303), (432,364), (309,364)
Box 159: (309,303), (432,303), (432,364), (309,364)
Box 160: (309,303), (432,303), (432,364), (309,364)
Box 161: (309,303), (432,303), (432,364), (309,364)
Box 162: (309,303), (432,303), (432,364), (309,364)
Box 163: (309,303), (432,303), (432,364), (309,364)
Box 164: (309,303), (432,303), (432,364), (309,364)
Box 165: (309,303), (432,303), (432,364), (309,364)
Box 166: (309,303), (432,303), (432,364), (309,364)
Box 167: (309,303), (432,303), (432,364), (309,364)
Box 168: (309,303), (432,303), (432,364), (309,364)
Box 169: (309,303), (432,303), (432,364), (309,364)
Box 170: (309,303), (432,303), (432,364), (309,364)
Box 171: (309,303), (432,303), (432,364), (309,364)
Box 172: (309,303), (432,303), (432,364), (309,364)
Box 173: (309,303), (432,303), (432,364), (309,364)
Box 174: (309,303), (432,303), (432,364), (309,364)
Box 175: (309,303), (432,303), (432,364), (309,364)
Box 176: (309,303), (432,303), (432,364), (309,364)
Box 177: (309,303), (432,303), (432,364), (309,364)
Box 178: (309,303), (432,303), (432,364), (309,364)
Box 179: (309,303), (432,303), (432,364), (309,364)
Box 180: (309,303), (432,303), (432,364), (309,364)
Box 181: (309,303), (432,303), (432,364), (309,364)
Box 182: (309,303), (432,303), (432,364), (309,364)
Box 183: (309,303), (432,303), (432,364), (309,364)
Box 184: (309,303), (432,303), (432,364), (309,364)
Box 185: (309,303), (432,303), (432,364), (309,364)
Box 186: (309,303), (432,303), (432,364), (309,364)
Box 187: (309,303), (432,303), (432,364), (309,364)
Box 188: (309,303), (432,303), (432,364), (309,364)
Box 189: (309,303), (432,303), (432,364), (309,364)
Box 190: (309,303), (432,303), (432,364), (309,364)
Box 191: (309,303), (432,303), (432,364), (309,364)
Box 192: (309,303), (432,303), (432,364), (309,364)
Box 193: (309,303), (432,303), (432,364), (309,364)
Box 194: (309,303), (432,303), (432,364), (309,364)
Box 195: (309,303), (432,303), (432,364), (309,364)
Box 196: (309,303), (432,303), (432,364), (309,364)
Box 197: (309,303), (432,303), (432,364), (309,364)
Box 198: (309,303), (432,303), (432,364), (309,364)
Box 199: (309,303), (432,303), (432,364), (309,364)
Box 200: (309,303), (432,303), (432,364), (309,364)
Box 201: (309,303), (432,303), (432,364), (309,364)
Box 202: (309,303), (432,303), (432,364), (309,364)
Box 203: (309,303), (432,303), (432,364), (309,364)
Box 204: (309,303), (432,303), (432,364), (309,364)
Box 205: (309,303), (432,303), (432,364), (309,364)
Box 206: (309,303), (432,303), (432,364), (309,364)
Box 207: (309,303), (432,303), (432,364), (309,364)
Box 208: (309,303), (432,303), (432,364), (309,364)
Box 209: (309,303), (432,303), (432,364), (309,364)
Box 210: (309,303), (432,303), (432,364), (309,364)
Box 211: (309,303), (432,303), (432,364), (309,364)
Box 212: (309,303), (432,303), (432,364), (309,364)
Box 213: (309,303), (432,303), (432,364), (309,364)
Box 214: (309,303), (432,303), (432,364), (309,364)
Box 215: (309,303), (432,303), (432,364), (309,364)
Box 216: (309,303), (432,303), (432,364), (309,364)
Box 217: (309,303), (432,303), (432,364), (309,364)
Box 218: (309,303), (432,303), (432,364), (309,364)
Box 219: (309,303), (432,303), (432,364), (309,364)
Box 220: (309,303), (432,303), (432,364), (309,364)
Box 221: (309,303), (432,303), (432,364), (309,364)
Box 222: (309,303), (432,303), (432,364), (309,364)
Box 223: (309,303), (432,303), (432,364), (309,364)
Box 224: (309,303), (432,303), (432,364), (309,364)
Box 225: (309,303), (432,303), (432,364), (309,364)
Box 226: (309,303), (432,303), (432,364), (309,364)
Box 227: (309,303), (432,303), (432,364), (309,364)
Box 228: (309,303), (432,303), (432,364), (309,364)
Box 229: (309,303), (432,303), (432,364), (309,364)
Box 230: (309,303), (432,303), (432,364), (309,364)
Box 231: (309,303), (432,303), (432,364), (309,364)
Box 232: (309,303), (432,303), (432,364), (309,364)
Box 233: (309,303), (432,303), (432,364), (309,364)
Box 234: (309,303), (432,303), (432,364), (309,364)
Box 235: (309,303), (432,303), (432,364), (309,364)
Box 236: (309,303), (432,303), (432,364), (309,364)
Box 237: (309,303), (432,303), (432,364), (309,364)
Box 238: (309,303), (432,303), (432,364), (309,364)
Box 239: (309,303), (432,303), (432,364), (309,364)
Box 240: (309,303), (432,303), (432,364), (309,364)
Box 241: (309,303), (432,303), (432,364), (309,364)
Box 242: (309,303), (432,303), (432,364), (309,364)
Box 243: (309,303), (432,303), (432,364), (309,364)
Box 244: (309,303), (432,303), (432,364), (309,364)
Box 245: (309,303), (432,303), (432,364), (309,364)
Box 246: (309,303), (432,303), (432,364), (309,364)
Box 247: (309,303), (432,303), (432,364), (309,364)
Box 248: (309,303), (432,303), (432,364), (309,364)
Box 249: (309,303), (432,303), (432,364), (309,364)
Box 250: (309,303), (432,303), (432,364), (309,364)
Box 251: (309,303), (432,303), (432,364), (309,364)
Box 252: (309,303), (432,303), (432,364), (309,364)
Box 253: (309,303), (432,303), (432,364), (309,364)
Box 254: (309,303), (432,303), (432,364), (309,364)
Box 255: (309,303), (432,303), (432,364), (309,364)
Box 256: (309,303), (432,303), (432,364), (309,364)
Box 257: (309,303), (432,303), (432,364), (309,364)
Box 258: (309,303), (432,303), (432,364), (309,364)
Box 259: (309,303), (432,303), (432,364), (309,364)
Box 260: (309,303), (432,303), (432,364), (309,364)
Box 261: (309,303), (432,303), (432,364), (309,364)
Box 262: (309,303), (432,303), (432,364), (309,364)
Box 263: (309,303), (432,303), (432,364), (309,364)
Box 264: (309,303), (432,303), (432,364), (309,364)
Box 265: (309,303), (432,303), (432,364), (309,364)
Box 266: (309,303), (432,303), (432,364), (309,364)
Box 267: (309,303), (432,303), (432,364), (309,364)
Box 268: (309,303), (432,303), (432,364), (309,364)
Box 269: (309,303), (432,303), (432,364), (309,364)
Box 270: (309,303), (432,303), (432,364), (309,364)
Box 271: (309,303), (432,303), (432,364), (309,364)
Box 272: (309,303), (432,303), (432,364), (309,364)
Box 273: (309,303), (432,303), (432,364), (309,364)
Box 274: (309,303), (432,303), (432,364), (309,364)
Box 275: (309,303), (432,303), (432,364), (309,364)
Box 276: (309,303), (432,303), (432,364), (309,364)
Box 277: (309,303), (432,303), (432,364), (309,364)
Box 278: (309,303), (432,303), (432,364), (309,364)
Box 279: (309,303), (432,303), (432,364), (309,364)
Box 280: (309,303), (432,303), (432,364), (309,364)
Box 281: (309,303), (432,303), (432,364), (309,364)
Box 282: (309,303), (432,303), (432,364), (309,364)
Box 283: (309,303), (432,303), (432,364), (309,364)
Box 284: (309,303), (432,303), (432,364), (309,364)
Box 285: (309,303), (432,303), (432,364), (309,364)
Box 286: (309,303), (432,303), (432,364), (309,364)
Box 287: (309,303), (432,303), (432,364), (309,364)
Box 288: (309,303), (432,303), (432,364), (309,364)
Box 289: (309,303), (432,303), (432,364), (309,364)
Box 290: (309,303), (432,303), (432,364), (309,364)
Box 291: (309,303), (432,303), (432,364), (309,364)
Box 292: (309,303), (432,303), (432,364), (309,364)
Box 293: (309,303), (432,303), (432,364), (309,364)
Box 294: (309,303), (432,303), (432,364), (309,364)
Box 295: (309,303), (432,303), (432,364), (309,364)
Box 296: (309,303), (432,303), (432,364), (309,364)
Box 297: (309,303), (432,303), (432,364), (309,364)
Box 298: (309,303), (432,303), (432,364), (309,364)
Box 299: (309,303), (432,303), (432,364), (309,364)
Box 300: (309,303), (432,303), (432,364), (309,364)
Box 301: (309,303), (432,303), (432,364), (309,364)
Box 302: (309,303), (432,303), (432,364), (309,364)
Box 303: (309,303), (432,303), (432,364), (309,364)
Box 304: (309,303), (432,303), (432,364), (309,364)
Box 305: (309,303), (432,303), (432,364), (309,364)
Box 306: (309,303), (432,303), (432,364), (309,364)
Box 307: (309,303), (432,303), (432,364), (309,364)
Box 308: (309,303), (432,303), (432,364), (309,364)
Box 309: (309,303), (432,303), (432,364), (309,364)
Box 310: (309,303), (432,303), (432,364), (309,364)
Box 311: (309,303), (432,303), (432,364), (309,364)
Box 312: (309,303), (432,303), (432,364), (309,364)
Box 313: (309,303), (432,303), (432,364), (309,364)
Box 314: (309,303), (432,303), (432,364), (309,364)
Box 315: (309,303), (432,303), (432,364), (309,364)
Box 316: (309,303), (432,303), (432,364), (309,364)
Box 317: (309,303), (432,303), (432,364), (309,364)
Box 318: (309,303), (432,303), (432,364), (309,364)
Box 319: (309,303), (432,303), (432,364), (309,364)
Box 320: (309,303), (432,303), (432,364), (309,364)
Box 321: (309,303), (432,303), (432,364), (309,364)
Box 322: (309,303), (432,303), (432,364), (309,364)
Box 323: (309,303), (432,303), (432,364), (309,364)
Box 324: (309,303), (432,303), (432,364), (309,364)
Box 325: (309,303), (432,303), (432,364), (309,364)
Box 326: (309,303), (432,303), (432,364), (309,364)
Box 327: (309,303), (432,303), (432,364), (309,364)
Box 328: (309,303), (432,303), (432,364), (309,364)
Box 329: (309,303), (432,303), (432,364), (309,364)
Box 330: (309,303), (432,303), (432,364), (309,364)
Box 331: (309,303), (432,303), (432,364), (309,364)
Box 332: (309,303), (432,303), (432,364), (309,364)
Box 333: (309,303), (432,303), (432,364), (309,364)
Box 334: (309,303), (432,303), (432,364), (309,364)
Box 335: (309,303), (432,303), (432,364), (309,364)
Box 336: (309,303), (432,303), (432,364), (309,364)
Box 337: (309,303), (432,303), (432,364), (309,364)
Box 338: (309,303), (432,303), (432,364), (309,364)
Box 339: (309,303), (432,303), (432,364), (309,364)
Box 340: (309,303), (432,303), (432,364), (309,364)
Box 341: (309,303), (432,303), (432,364), (309,364)
Box 342: (309,303), (432,303), (432,364), (309,364)
Box 343: (309,303), (432,303), (432,364), (309,364)
Box 344: (309,303), (432,303), (432,364), (309,364)
Box 345: (309,303), (432,303), (432,364), (309,364)
Box 346: (309,303), (432,303), (432,364), (309,364)
Box 347: (309,303), (432,303), (432,364), (309,364)
Box 348: (309,303), (432,303), (432,364), (309,364)
Box 349: (309,303), (432,303), (432,364), (309,364)
Box 350: (309,303), (432,303), (432,364), (309,364)
Box 351: (309,303), (432,303), (432,364), (309,364)
Box 352: (309,303), (432,303), (432,364), (309,364)
Box 353: (309,303), (432,303), (432,364), (309,364)
Box 354: (309,303), (432,303), (432,364), (309,364)
Box 355: (309,303), (432,303), (432,364), (309,364)
Box 356: (309,303), (432,303), (432,364), (309,364)
Box 357: (309,303), (432,303), (432,364), (309,364)
Box 358: (309,303), (432,303), (432,364), (309,364)
Box 359: (309,303), (432,303), (432,364), (309,364)
Box 360: (309,303), (432,303), (432,364), (309,364)
Box 361: (309,303), (432,303), (432,364), (309,364)
Box 362: (309,303), (432,303), (432,364), (309,364)
Box 363: (309,303), (432,303), (432,364), (309,364)
Box 364: (309,303), (432,303), (432,364), (309,364)
Box 365: (309,303), (432,303), (432,364), (309,364)
Box 366: (309,303), (432,303), (432,364), (309,364)
Box 367: (309,303), (432,303), (432,364), (309,364)
Box 368: (309,303), (432,303), (432,364), (309,364)
Box 369: (309,303), (432,303), (432,364), (309,364)
Box 370: (309,303), (432,303), (432,364), (309,364)
Box 371: (309,303), (432,303), (432,364), (309,364)
Box 372: (309,303), (432,303), (432,364), (309,364)
Box 373: (309,303), (432,303), (432,364), (309,364)
Box 374: (309,303), (432,303), (432,364), (309,364)
Box 375: (309,303), (432,303), (432,364), (309,364)
Box 376: (309,303), (432,303), (432,364), (309,364)
Box 377: (309,303), (432,303), (432,364), (309,364)
Box 378: (309,303), (432,303), (432,364), (309,364)
Box 379: (309,303), (432,303), (432,364), (309,364)
Box 380: (309,303), (432,303), (432,364), (309,364)
Box 381: (309,303), (432,303), (432,364), (309,364)
Box 382: (309,303), (432,303), (432,364), (309,364)
Box 383: (309,303), (432,303), (432,364), (309,364)
Box 384: (309,303), (432,303), (432,364), (309,364)
Box 385: (309,303), (432,303), (432,364), (309,364)
Box 386: (309,303), (432,303), (432,364), (309,364)
Box 387: (309,303), (432,303), (432,364), (309,364)
Box 388: (309,303), (432,303), (432,364), (309,364)
Box 389: (309,303), (432,303), (432,364), (309,364)
Box 390: (309,303), (432,303), (432,364), (309,364)
Box 391: (309,303), (432,303), (432,364), (309,364)
Box 392: (309,303), (432,303), (432,364), (309,364)
Box 393: (309,303), (432,303), (432,364), (309,364)
Box 394: (309,303), (432,303), (432,364), (309,364)
Box 395: (309,303), (432,303), (432,364), (309,364)
Box 396: (309,303), (432,303), (432,364), (309,364)
Box 397: (309,303), (432,303), (432,364), (309,364)
Box 398: (309,303), (432,303), (432,364), (309,364)
Box 399: (309,303), (432,303), (432,364), (309,364)
Box 400: (309,303), (432,303), (432,364), (309,364)
Box 401: (309,303), (432,303), (432,364), (309,364)
Box 402: (309,303), (432,303), (432,364), (309,364)
Box 403: (309,303), (432,303), (432,364), (309,364)
Box 404: (309,303), (432,303), (432,364), (309,364)
Box 405: (309,303), (432,303), (432,364), (309,364)
Box 406: (309,303), (432,303), (432,364), (309,364)
Box 407: (309,303), (432,303), (432,364), (309,364)
Box 408: (309,303), (432,303), (432,364), (309,364)
Box 409: (309,303), (432,303), (432,364), (309,364)
Box 410: (309,303), (432,303), (432,364), (309,364)
Box 411: (309,303), (432,303), (432,364), (309,364)
Box 412: (309,303), (432,303), (432,364), (309,364)
Box 413: (309,303), (432,303), (432,364), (309,364)
Box 414: (309,303), (432,303), (432,364), (309,364)
Box 415: (309,303), (432,303), (432,364), (309,364)
Box 416: (309,303), (432,303), (432,364), (309,364)
Box 417: (309,303), (432,303), (432,364), (309,364)
Box 418: (309,303), (432,303), (432,364), (309,364)
Box 419: (309,303), (432,303), (432,364), (309,364)
Box 420: (309,303), (432,303), (432,364), (309,364)
Box 421: (309,303), (432,303), (432,364), (309,364)
Box 422: (309,303), (432,303), (432,364), (309,364)
Box 423: (309,303), (432,303), (432,364), (309,364)
Box 424: (309,303), (432,303), (432,364), (309,364)
Box 425: (309,303), (432,303), (432,364), (309,364)
Box 426: (309,303), (432,303), (432,364), (309,364)
Box 427: (309,303), (432,303), (432,364), (309,364)
Box 428: (309,303), (432,303), (432,364), (309,364)
Box 429: (309,303), (432,303), (432,364), (309,364)
Box 430: (309,303), (432,303), (432,364), (309,364)
Box 431: (309,303), (432,303), (432,364), (309,364)
Box 432: (309,303), (432,303), (432,364), (309,364)
Box 433: (309,303), (432,303), (432,364), (309,364)
Box 434: (309,303), (432,303), (432,364), (309,364)
Box 435: (309,303), (432,303), (432,364), (309,364)
Box 436: (309,303), (432,303), (432,364), (309,364)
Box 437: (309,303), (432,303), (432,364), (309,364)
Box 438: (309,303), (432,303), (432,364), (309,364)
Box 439: (309,303), (432,303), (432,364), (309,364)
Box 440: (309,303), (432,303), (432,364), (309,364)
Box 441: (309,303), (432,303), (432,364), (309,364)
Box 442: (309,303), (432,303), (432,364), (309,364)
Box 443: (309,303), (432,303), (432,364), (309,364)
Box 444: (309,303), (432,303), (432,364), (309,364)
Box 445: (309,303), (432,303), (432,364), (309,364)
Box 446: (309,303), (432,303), (432,364), (309,364)
Box 447: (309,303), (432,303), (432,364), (309,364)
Box 448: (309,303), (432,303), (432,364), (309,364)
Box 449: (309,303), (432,303), (432,364), (309,364)
Box 450: (309,303), (432,303), (432,364), (309,364)
Box 451: (309,303), (432,303), (432,364), (309,364)
Box 452: (309,303), (432,303), (432,364), (309,364)
Box 453: (309,303), (432,303), (432,364), (309,364)
Box 454: (309,303), (432,303), (432,364), (309,364)
Box 455: (309,303), (432,303), (432,364), (309,364)
Box 456: (309,303), (432,303), (432,364), (309,364)
Box 457: (309,303), (432,303), (432,364), (309,364)
Box 458: (309,303), (432,303), (432,364), (309,364)
Box 459: (309,303), (432,303), (432,364), (309,364)
Box 460: (309,303), (432,303), (432,364), (309,364)
Box 461: (309,303), (432,303), (432,364), (309,364)
Box 462: (309,303), (432,303), (432,364), (309,364)
Box 463: (309,303), (432,303), (432,364), (309,364)
Box 464: (309,303), (432,303), (432,364), (309,364)
Box 465: (309,303), (432,303), (432,364), (309,364)
Box 466: (309,303), (432,303), (432,364), (309,364)
Box 467: (309,303), (432,303), (432,364), (309,364)
Box 468: (309,303), (432,303), (432,364), (309,364)
Box 469: (309,303), (432,303), (432,364), (309,364)
Box 470: (309,303), (432,303), (432,364), (309,364)
Box 471: (309,303), (432,303), (432,364), (309,364)
Box 472: (309,303), (432,303), (432,364), (309,364)
Box 473: (309,303), (432,303), (432,364), (309,364)
Box 474: (309,303), (432,303), (432,364), (309,364)
Box 475: (309,303), (432,303), (432,364), (309,364)
Box 476: (309,303), (432,303), (432,364), (309,364)
Box 477: (309,303), (432,303), (432,364), (309,364)
Box 478: (309,303), (432,303), (432,364), (309,364)
Box 479: (309,303), (432,303), (432,364), (309,364)
